#sunflower shape of Fibonacci sequence 
# <x> \t <y> 
0.0	0.0
0.750278755791798	-0.661121614082849
0.1779595757430292	-1.4029719845390218
-0.9724667958309843	-1.4332858511149191
-1.9366607788027221	-0.49934459829584
-1.9936367814649167	1.0126264778239846
-0.9051817140926633	2.2761032631390576
0.891795774506992	2.490923583045348
2.475800004654335	1.367630921321098
2.929236343152334	-0.6477456645594325
1.8652221909334494	-2.553614336278958
-0.3029096792204142	-3.302763346992119
-2.5179931846607233	-2.379014569522883
-3.60337919300055	-0.12513349451966496
-2.8914462410503794	2.3747712805901187
-0.6204152406339841	3.82296807849465
2.129585663046405	3.3859806413721865
3.954396254081566	1.1673689501206026
3.8470621058556165	-1.7888860091380192
1.750383059348606	-3.992011917009444
-1.3603756180525743	-4.260208701203274
-3.931936358400268	-2.3536942183491125
-4.612167452241529	0.853177233922637
-2.9614521572468937	3.7722408619198364
0.27784535861024356	4.891094147192296
3.5130475003269304	3.557878196403962
5.086736060737613	0.35371775244052844
4.127476348008913	-3.1565707653444117
1.0284121256558685	-5.190603866584694
-2.7071083736050814	-4.655272736753159
-5.1961233523758725	-1.7321380161217312
-5.127067349890116	2.170986040878831
-2.4500294693349223	5.098760202185472
1.5564596510604751	5.529686551208911
4.896112924960894	3.1667141055091927
5.851227365623731	-0.8735778819177936
3.8665912308735004	-4.587970384966772
-0.13400845770229405	-6.081286190705405
-4.176331532856526	-4.534121185816305
-6.211165775386306	-0.6491684763371041
-5.154119311189235	3.6653859450303736
-1.4616959506755192	6.234055257036048
3.0614547054650876	5.712048239150793
6.145178888807288	2.2884004073931696
6.194302495348224	-2.372892032125094
3.11347184569088	-5.941909883706604
-1.6099488683856902	-6.588479691187007
-5.623846582833963	-3.920758805734773
-6.883632919194617	0.7846004293780314
-4.694072849292075	5.192848937292417
-0.0896595901290864	7.070499357039635
4.653034079867239	5.4174970098371125
7.141700543394205	0.9980547823055176
6.075692589527921	-4.010730551602228
1.9247878128039442	-7.091910312157185
-3.2743915325451445	-6.6541986814038445
-6.9179869570917045	-2.853323756868306
-7.139718892882573	2.4544681971082145
-3.7666900806356063	6.619066840306218
1.5632450612627706	7.520389941913754
6.1966173466025705	4.647788017948336
7.786027086492776	-0.6146399014063401
5.479709841749684	-5.654447811257228
0.37602850928576886	-7.92834172826855
-4.99867779969522	-6.246056376213247
-7.941126994940393	-1.3923009912475646
-6.931249043129809	4.237662882074519
-2.416862477325048	7.8204076470282695
3.3818788103080375	7.520830786049471
7.564551262971813	3.4318455952841993
8.00175036618287	-2.44376575745146
4.419148066610295	-7.1743383224778645
-1.4375350062475898	-8.362624773706681
-6.6529895199787905	-5.360758383573389
-8.593974842626778	0.3789411620529703
-6.239084031476131	6.00614938610251
-0.7149763955768657	8.68842959077001
5.241826061911613	7.037276428893795
8.640895322276922	1.826178531648218
7.739546766059058	-4.370287845895826
2.9359330485624353	-8.448686118821014
-3.4039179026780975	-8.331467032391567
-8.11161299829857	-4.025137831905099
-8.800250735434483	2.3570292729376194
-5.0746548929609	7.63202972461114
1.2456430417313833	9.135008123290651
7.014833997470135	6.065649510805679
9.326971125156382	-0.08723319608445083
6.9799285360125385	-6.267423524236884
1.0995576814946553	-9.369683714249168
-5.399607262995512	-7.8002718802235425
-9.259153965407785	-2.2952271880738255
-8.510751281390622	4.423472914612212
-3.479741178293878	8.993964717080335
3.3532125166306006	9.097030604450657
8.575340443506512	4.632875594915272
9.54664220787869	-2.2049087406849868
5.7345662116623135	-8.007168685875234
-0.9962852049835665	-9.849234274314469
-7.295975168714494	-6.765260256449969
-9.996784463159154	-0.253575229744057
-7.706263795530893	6.450852526115428
-1.5245396185600801	9.983775786316551
5.48334336878128	8.540078775985755
9.80733122705752	2.795756463424955
9.250723747752549	-4.407279222237573
4.04600410070525	-9.467304305718514
-3.238577646339757	-9.824032513618247
-8.966323533499096	-5.254050084708013
-10.247925284648613	1.9950005915436824
-6.399015462491466	8.309789474517096
0.6958777469045656	10.512647343146398
7.505823943256522	7.460737693608933
10.610970730016899	0.6382007260452344
8.420125932900557	-6.5651716865665835
1.9857171096924628	-10.53835506899794
-5.501055721383931	-9.25950246774788
-10.293064307680416	-3.324579245251273
-9.962924280889391	4.32898830828458
-4.632487995027011	9.876236883344314
3.0665403223370675	10.516478994962187
9.291907598395644	5.887312900031498
10.908549840870636	-1.7330725227875563
7.067469682054227	-8.546980302612399
-0.3494329094549531	-11.130044772676786
-7.651151313993895	-8.15229314796576
-11.174585419837785	-1.0623750254730266
-9.122399072322304	6.616784352334082
-2.4795478000740387	11.038652214249167
5.458738595733229	9.960028762179977
10.721682743552812	3.8788553912980364
10.649370244268503	-4.194152286277715
5.237026462563901	-10.22612115273457
-2.842185090541745	-11.176850357372698
-9.557417229688644	-6.531138943373556
-11.531392473504605	1.4237231549712626
-7.739009382785555	8.72397465454578
-0.03894853423441883	11.704635108010887
7.7370487512473165	8.839574459261167
11.691107298310632	1.5225012773025357
9.813258098929499	-6.6105949417427325
3.002939548570544	-11.488357326773524
-5.361069949419386	-10.642317839523137
-11.097032122434127	-4.455993500182099
-11.311164368604247	4.007188618772229
-5.857520613748435	10.520905486673291
2.5696399963753294	11.806648562950802
9.7668541370801	7.183909817432379
12.118310853701857	-1.0707670395803934
8.412481284127967	-8.844781435637438
0.465785025153852	-12.238588329964466
-7.767489550373287	-9.521875134911285
-12.162975665071203	-2.0154460972414303
-10.492422399254869	6.550501675109679
-3.553118269222311	11.890136692440448
5.2118367888535975	11.306491820469876
11.421964259938555	5.05358609748427
11.94880644356035	-3.771740258067972
6.491933326884484	-10.763586840792737
-2.2523743564015013	-12.406724376668683
-9.923321259742892	-7.843959151852765
-12.67047866790166	0.6774734874878777
-9.086587039877891	8.912571793075395
-0.9280304679739828	12.733371880633658
7.745676802331881	10.198259208012795
12.591921670860394	2.538406711879796
11.159310020484915	-6.439704951836301
4.127541570050321	-12.245954458003938
-5.014203923122445	-11.952311869146634
-11.698645124084491	-5.669365243193822
-12.562387503080851	3.490905358562172
-7.13828225508794	10.956501560566522
1.8933905332261178	12.97748328023156
10.02929379406074	8.509598462466649
13.188598419875428	-0.24672194725927823
9.759937487490891	-8.929928344632447
1.4229533535315613	-13.189966025493518
-7.674269390392818	-10.867639547007428
-12.979182415923306	-3.08882239926274
-11.813135885881941	6.280909212979301
-4.7238401112539865	12.55728213441539
4.770891263447126	12.579292370891292
11.928756887177386	6.301171250380209
13.151716258371202	-3.1673900074500705
7.794633242398499	-11.101517581686581
-1.4953524608790065	-13.519020712231455
-10.086799573783857	-9.179132549337861
-13.673042304386595	-0.21889299315997232
-10.431087300174141	8.899012177547897
-1.9480543244476178	13.609007471120036
7.555534426875928	11.528829061283398
13.325644712757313	3.6643134403818496
12.452976915209657	-6.076459984995817
5.339776576507845	-12.825240197087076
-4.484294967462739	-13.186777416972971
-12.113635346445484	-6.9469301632697125
-13.7164045115231	2.8036132536904455
-8.459094690073995	11.200165937358337
1.0606746049989009	14.031214109346005
10.097543207108288	9.850869057122894
14.123948724990749	0.7169884335414513
11.09855800439977	-8.821678424368788
2.501008307091783	-13.990888372360702
-7.391453328401962	-12.180575425408092
-13.631944768050438	-4.2626378969861225
-13.077816714328026	5.8284397557530365
-5.9732162893569924	13.050696807472015
4.156572638143717	13.773993752860315
12.25436623184112	7.604637286282107
14.255926707933343	-2.4017813593316233
9.129812974031028	-11.25373338315844
-0.5915851855559728	-14.513787478402413
-10.062993931179896	-10.523124685236631
-14.541290386070889	-1.2453408802260941
-11.760853838182289	8.699558436892811
-3.0796229301850517	14.335826540799049
7.183797573935824	12.821585409640797
13.898539210256446	4.881660354937049
13.686577193277044	-5.538736745185554
6.62210579227562	-13.234338475190578
-3.7897046944595516	-14.340088504914858
-12.351854437598806	-8.272345009268573
-14.769662615025979	1.9639415058254475
-9.804968848483579	11.263329253833724
0.09017209014258995	14.966357906790794
9.984449272819738	11.194229438353021
14.924923562066137	1.8018481252544711
12.416473067566884	-8.534119554024672
3.6818080833599263	-14.643916458287569
-6.934184002007366	-13.450542451005653
-14.125756899327097	-5.519328946630459
-14.27814156084843	5.2090952734973754
-7.284457024821661	13.376721790241673
3.3855394659909672	14.884156762283094
12.406874881353561	8.948153758091
15.25692866243959	-1.4920213769344357
10.482774718317735	-11.229934737343692
0.441583188209403	-15.38846984881508
-9.863082111810904	-11.862529715692
-15.274624545470461	-2.384500994948695
-13.063916347852842	8.326709413465998
-4.305553304455297	14.915167137598361
6.6441159189726315	14.066119708549847
14.313837494411516	6.173658249658712
14.85137147655302	-4.841153299104191
7.958335538080226	-13.478312040583173
-2.9458268758964388	-15.40526221838649
-12.42011056957336	-9.630205264664514
-15.717001464023943	0.987858785388486
-11.16147265212419	11.154439844110675
-1.0017801081157798	15.779620927480593
9.699976069785937	12.526390711038042
15.590117142782542	2.9913621436258664
13.701693116503066	-8.078589341040459
4.948910796883161	-15.149530749316737
-6.3150141304644105	-14.666990029724396
-14.462960676786999	-6.842716453405982
-15.405120150490255	4.436470798839901
-8.6418516785432	13.539512530592086
2.472243940435172	15.902452952264364
12.392181548385873	10.316677588828911
16.149135825065397	-0.453224120705606
11.839333019173834	-11.037671568818318
1.5885797937255768	-16.13928171384857
-9.496152506712312	-13.184198404501561
-15.871093780942127	-3.620549985366878
-14.328326650661804	7.790959850489198
-5.609982580949351	15.346924624870118
5.948240663738789	15.251833758805672
14.573268638094925	7.524615684665825
15.938242572108813	-3.9965514775388815
9.333153999089154	-13.560687166559303
-1.9664142783008585	-16.37477373541676
-12.323667226574672	-11.005781484685642
-16.552578778783314	-0.11016248078319421
-12.514653647201015	10.880415621225064
-2.2001902991216418	16.466911144706252
9.25259136402378	13.83436131703927
16.117231962624928	4.270226441647021
14.942358199141884	-7.464980338121284
6.286910736050149	-15.507248414755512
-5.545117087409087	-15.819345008151373
-14.644883620791486	-8.217504714539155
-16.449603665716726	3.5228595261291407
-10.03042436581383	13.54217807598498
1.4299231560784866	16.821275806778466
12.215123790005359	11.69575781190963
16.926580710078625	0.7006179166951175
13.185759412392457	-10.68343337689264
2.8348552920488395	-16.76196872306898
-8.970247415590809	-14.475312131456318
-16.328207273797872	-4.93858757378
-15.542350464304624	7.101784426799349
-6.977869990773007	15.63039764023518
5.106938770060511	16.36823681398986
14.677921760667134	8.91956348638958
16.938084921309738	-3.0168326434357757
10.731874375875517	-13.484319500086999
-0.8643291540205833	-17.241024769818935
-12.06709792046745	-12.384875767558192
-17.270404305358365	-1.3164859017320596
-13.85100218950952	10.447475213954926
-3.4908453502971755	17.023924304939463
8.650063036554679	15.105509242115293
16.50370379329787	5.623856426251078
16.126890617143644	-6.7024920009414615
7.681062122768319	-15.716274516124164
-4.634986037315666	-16.897245468829787
-14.672504120338818	-9.628999056944624
-17.402589884578365	2.4798921970865635
-11.435742799362366	13.387448846842771
0.2711732318524124	17.633107073863265
11.880137686999342	13.07143177077163
17.583331853370293	1.9561290689148112
14.50876109934748	-10.173291078213643
4.166451279240744	-17.252266046456427
-8.292978292078683	-15.723438270528229
-16.64342251395731	-6.324277588934481
-16.69459297221715	6.268218685719067
-8.394711772165083	15.76479667684531
4.1305329287707195	17.40513423459701
14.62876555822914	10.344042645038199
17.842048779711497	-1.913451160180349
12.140293832493715	-13.251915546845108
0.34801422961707595	-17.99663541043114
-11.654801244778561	-13.753748868752405
-17.864671275727908	-2.617922880869916
-15.157443002482857	9.861638891507003
-4.859979015391458	17.44650692746129
7.899938934341051	16.327613568237165
16.747088219120595	7.03811311226185
17.24410140847371	-5.800083328218231
9.117063369709737	-15.775904269254962
-3.5948540697842195	-17.890696582776084
-14.546861904374003	-11.062947560893184
-18.255422461369538	1.3189202996862492
-12.84381599678315	13.078088187528683
-0.9917079840201484	18.33075326533066
11.391663810098203	14.430176562942634
18.113761164042494	3.3002509740966532
15.79548319656175	-9.5132912594504
5.569745786020535	-17.60619015798439
-7.47190274805439	-16.916579717059157
-16.814455143215053	-7.763639496834518
-17.774091597302522	5.299213893654409
-9.846378956327014	15.749565754280356
3.02923004773526	18.352759065543736
14.426975795819859	11.78398783887814
18.6417058395306	-0.6977129727980236
13.544621558642037	-12.866360279160903
1.6583837498638676	-18.634638803534333
-11.091323262286146	-15.099090975667051
-18.329975029102712	-4.001501647190847
-16.421346279809807	9.129040823579258
-6.294077277688044	17.73089369497463
7.009844573146823	17.488913032556486
16.845311660802675	8.499145548255152
18.283273079132798	-4.766752092762746
10.580936718751405	-15.685782675843063
-2.4349515867340426	-18.790183893997984
-14.269321435804164	-12.505457439122322
-18.99993088303881	0.051248802406224515
-14.24104636866363	12.617154921993007
-2.3465150669685486	18.907508218707445
10.754404640712924	15.758895291987072
18.51272491548564	4.720065275349174
17.033527151617783	-8.709704517094696
7.031305619402674	-17.820234041295766
-6.514760258908071	-18.043223070420428
-16.839484190373856	-9.242930931373932
-18.770391218255746	4.203856980634269
-11.319030107479064	15.584593591941452
1.8133227464130888	19.20187127905353
14.074148480067173	13.225669909725665
19.329169280517753	0.6190435566975733
14.931450043860394	-12.330928577674168
3.054570990532829	-19.148618646361815
-10.381563739383395	-16.408020426764462
-18.661464498193276	-5.45433247819309
-17.630552123045636	8.256126927111222
-7.779768031011175	17.873869457497346
5.987669744124993	18.578154134232232
16.796840454085725	9.993305297047087
19.234229056482768	-3.611707712807619
12.058967428787865	-15.446077319223585
-1.1656633226836912	-19.586761575568076
-13.841745204249024	-13.942958427129055
-19.628534817910815	-1.3117244001934385
-15.614216428379333	12.008174104655915
-3.781014471436774	19.357270715852113
9.973489959359572	17.044925873425022
18.77569175018514	6.202692907280659
18.210980115836843	-7.769182918466724
8.537806019230983	-17.891502686414665
-5.429619414690255	-19.09238678142727
-16.71729220397288	-10.748587877809232
-19.67360907931191	2.9915056066161783
-12.799071828379057	15.27035560594427
0.4933105858099239	19.943837260314975
13.572441074659253	14.655676145265437
19.897185517233556	2.0253415743501786
16.28775428212503	-11.649423180789592
4.524301305347423	-19.53281079871588
-9.53090854186112	-17.668100700603862
-18.8549512490963	-6.963534547498265
-18.773403929850378	7.2497796440083855
-9.303765025207973	17.872883269235466
4.841683860603361	19.58463932253982
16.600797498649104	11.50710747359412
20.08739490489114	-2.3444756204646984
13.537681596754776	-15.057595325445794
0.2023795325724918	-20.2721247659143
-13.266608817087812	-15.362196799102916
-20.13432557051217	-2.7584295931960474
-16.950498155916193	11.255248209892205
-5.282879557100191	19.67463299747095
9.054582282144816	18.27606466654868
18.898836177051038	7.735243444972302
19.31645156362039	-6.698858036285538
10.075994450457367	-17.817809512797925
-4.2249671250738325	-20.053669309930424
-16.44736259848648	-12.267202759957465
-20.474492901654287	1.671867345248499
-14.273150741524967	14.80801026166937
-0.9200317175695542	20.57069618750581
12.92466605835806	16.060915518111887
20.339207095104666	3.509509188254681
17.600909417354814	-10.826263791450433
6.055189382289896	-19.782180909712757
-8.545312800015965	-18.867369428457252
-18.906990054423996	-8.5162037952313
-19.83878757271974	6.117393860501457
-10.852847997738124	17.726130156861412
3.5806035244131604	20.4982750103749
16.257043532091792	13.027222865817276
20.83385373895994	-0.9749555803342259
15.003849781744444	-14.52186254331197
1.6582509411770667	-20.838670874508416
-12.547076602412336	-16.750249811068397
-20.511131730151458	-4.277087227117792
-18.237477400319484	10.36312781320563
-6.839663187150915	19.85494919374846
8.003941431762568	19.440599825028922
18.879108241117898	9.304798333126522
20.33911445365884	-5.506398391050727
11.632684277108792	-17.597745779193026
-2.909758099008709	-20.91729685703325
-16.02994737597508	-13.785528177167157
-21.16447387284792	0.2550405566527672
-15.728166725038491	14.199463774008931
-2.415622469728927	21.0752169166474
12.134351387180875	17.428640693192964
20.649452089741832	5.05965694424599
18.858720652529758	-9.866542218520504
7.634726073797931	-19.892484957341807
-7.431349794023346	-19.994375215016575
-18.81493923081364	-10.099408979776486
-20.81617404239137	4.866918762099042
-12.41386763612572	17.432609968468586
2.2136267483419076	21.309618875499044
15.766233282912399	14.540491328314365
21.46539696834209	0.48655214673274144
16.44450819826717	-13.841175893583745
3.190712159061576	-21.279552530963066
-11.687049163313455	-18.094553928027466
-20.753573084704755	-5.855698439795067
-19.46318826103655	9.33725348887182
-8.438796530610746	19.894388985715345
6.828460060624976	20.52735085685558
18.714285760073412	10.898417705810028
21.26874891695392	-4.200038036443423
13.19476917748776	-17.23073029075724
-1.4934360887747842	-21.67417007981494
-15.466113284808428	-15.290498352292918
-21.735715258325012	-1.248471949631714
-17.151300703511584	13.447411802191644
-3.9820669988229938	21.450947354764654
11.205776925385853	18.746481363138255
20.822953121985687	6.663679410024653
20.049461238384705	-8.776052874186055
9.250287330592341	-19.860316822787166
-6.196234989161859	-21.038219315310087
-18.577005747856933	-11.700207581239338
-21.695663796282524	3.5068750246730684
-13.973767937318993	16.992169067954677
0.750443071077119	22.00992583352048
15.129852894119809	16.03394996257299
21.97457083872803	2.0293438480759374
17.846991978116815	-13.018635770810784
4.7882158738710485	-21.58872364789566
-10.691190125136222	-19.38294233877276
-20.85710518974596	-7.482056074627632
-20.61615395272852	8.183776401967261
-10.067606610112243	19.789979715604165
5.535677722025899	21.525711885042647
18.40301307938915	12.503163983561596
22.095786926873323	-2.7885838847368163
14.749252198196421	-16.71704398492742
0.014065615328540339	-22.315909171675383
-14.757771521060935	-16.769262945405885
-22.18115689910777	-2.827769194464755
-18.530052437995632	12.555363660409528
-5.607670512576622	21.69225740724968
10.14399268349847	20.002485156528166
20.855597832026362	8.30927428051194
21.161915591329382	-7.56130468275485
10.889159103736347	-19.68314542987263
-4.847831391420671	-21.988600019108908
-18.192278246952252	-13.30567593869127
-22.468031449919177	2.0463535289492056
-15.519620913734576	16.405528540524756
-0.7987743232633187	22.591192079668907
14.350242724668314	17.49487164122973
22.354718887835883	3.6423266528187166
19.198976688867983	-12.058162965406622
6.438926602704725	-21.760979394434003
-9.564936825618997	-20.603688590199514
-20.818056019188965	-9.143770752917538
-21.685431642906877	6.909562537586092
-11.71334751053381	19.539638944910713
4.133778541333882	22.425696755534876
17.944828853091618	14.106137580260958
22.811356743473684	-1.281406852634152
16.28328523119717	-16.057852349535292
1.602339399418567	-22.83489672516762
-13.90769430590062	-18.209229503019053
-22.494555609957644	-4.471573314899681
-19.85228509125331	11.52765269495926
-7.280465048886924	21.79437607897817
8.954822752173756	21.185163428143557
20.74416191696003	9.98397447727833
22.185425390046323	-6.22951846154164
12.538573975132923	-19.35934303301947
-3.3946403928056	-22.835858131533673
-17.66074998887492	-14.902949702339285
-23.12476973262316	0.494999811268339
-17.038670090881027	15.674301309280626
-2.423390281920853	23.046196639391315
13.430608258682684	18.910810712441823
22.600020256949378	5.31404595251846
20.488525364464998	-10.964503107285545
8.130753361798602	-21.79199049581292
-8.31449815715011	-21.745554037429066
-20.633655555171035	-10.828308197985477
-22.660659403296297	5.522183934622166
-13.36324167011528	19.142198726010932
2.6315759577442237	23.217984580463106
17.34018448777405	15.694521398563268
23.407326163461708	0.31157964843849034
17.78421589074024	-15.25521763697727
3.260530731309208	-23.224317844668512
-12.919520586127485	-19.598111843354406
-22.670521366835867	-6.168262393562573
-21.106274219603215	10.369435306076834
-8.988247154658206	21.753423019993395
7.644857611119889	22.283539936592263
20.48633540168312	11.675190011719073
23.10993702690275	-4.788612597881505
14.185756460477895	-18.888205675606393
-1.8457810221803426	-23.57102230320439
-16.983333065244018	-16.47927176773868
-23.658131835237302	-1.1370127820438856
-18.518380206091923	14.800999781860103
-4.112340184811328	23.368539924530715
12.375020986927735	20.269653563223475
22.70552371215382	7.032723011524102
21.704139012923903	-9.743220705068453
9.851391743327703	-21.678332055753152
-6.946841810868247	-22.797837372320487
-20.302058838983427	-12.523035051394485
-23.53210385002616	4.029899302908699
-15.004528640305587	18.59742240963111
1.038487007190733	23.893964608994803
16.59045434680388	17.255631676835716
23.87634378677414	1.9799513569206444
19.239639547744524	-14.312102224092197
4.977375213582715	-23.478197034338315
-11.797752425754526	-20.923982357586787
-22.704549116272243	-7.905912308315921
-22.28075940764661	9.086680373963159
-10.718623830226797	21.56643464242744
6.221436711803409	23.287200888922328
20.080742548360792	13.370257241596084
23.926049157313948	-3.2471790406130396
15.817974733210551	-18.269966484356576
-0.21095971394979246	-24.18585322040738
-16.16186478588277	-18.022045573209567
-24.061171432756932	-2.8390190706442437
-19.946491155447294	13.789035157894945
-5.854171082388059	23.552678848448036
11.188410585325236	21.55967227427593
22.667177194122768	8.78630058956787
22.834809037776214	-8.400684270242134
11.588373264650182	-21.41750697628323
-5.469672547979519	-23.750424884996885
-19.82236280154719	-14.215271118196736
-24.290707351125107	2.4416257661641447
-16.624519339686625	17.906014540494077
-0.6355020295678468	24.445779536975603
15.697938480887528	18.776973330392483
24.211877646333935	3.712813062753779
20.637454812194704	-13.232364069757965
6.741243393767974	-23.591431442495804
-10.547743212607916	-22.17532667450208
-22.59304601814748	-9.672345714554993
-23.364997167741365	7.686150359668881
-12.459064873060788	21.231384846233247
4.6926227431403	24.186345151563565
19.526955658549117	15.056493705675853
24.625059341843446	-1.614451117466519
17.422597030506463	-17.505802258468115
1.4995678225531066	-24.672885853615973
-15.199106887152492	-19.51889212616622
-24.32777978479595	-4.599905514515863
-21.311074673685546	12.642709213321266
-7.637089811435167	23.59395810821222
9.87654936133761	22.769579985433673
22.481852707528223	10.562494915360006
23.87007033789882	-6.944043639246724
13.329120342851935	-21.007963987159027
-3.8914027275762373	-24.59384038355564
-19.194617077388333	-15.892346436333186
-24.928133899739194	0.7669030425507362
-18.21065427113181	17.06962422015519
-2.3798772300246616	24.866366529310433
14.665858432718604	20.246298338991664
24.40825065439386	5.498845332638638
21.96592110734459	-12.020744981319307
8.540191858509013	-23.559820097357626
-9.175678531831336	-23.3410994488368
-22.333353937999732	-11.455186680278583
-24.34881399358496	6.175375057905489
-14.196960161023199	20.747200345741113
3.0671686562770595	24.97183366182691
18.82550293044655	16.721257112303142
25.199008964598004	0.09973566117166023
18.98715137239871	-16.597833676766907
3.2750414029007877	-25.025469102681885
-14.09873803814532	-20.957709458138655
-24.45271941281451	-6.408159901107684
-22.60059252936218	11.367199185451904
-9.449016774786864	23.488637295292303
8.44602972026388	23.888586855743878
22.147366373562015	12.348852688214178
24.80005408896771	-5.381200347903436
15.061005592660619	-20.4491102627436
-2.2211160422883593	-25.319293898659364
-18.419828933196463	-17.5416618959487
-25.43681290875445	-0.9841488937263995
-19.75056446287988	16.090842221513032
-4.183644776980964	25.149495350404944
13.498346539831317	21.651666002657254
24.460672404841628	7.32635690524419
23.21371723913996	-10.68285223810833
10.362019436659764	-23.380088819212922
-7.68855037136987	-24.410780265835587
-21.923767018182406	-13.241919790289367
-25.222658661934364	4.562618768157966
-15.91968069563567	20.113770570159264
1.3544783068683013	25.635237243220963
17.97787048414921	18.352007324953767
25.640725749406677	1.8849888709786604
20.49938747027876	-15.549119375172932
5.104246836006532	-25.237802286195947
-12.86534002425533	-22.32673343909256
-24.431653930377017	-8.251926213090696
-23.803955240697956	9.968536246553368
-11.277644324851666	23.233913542107814
6.904235246364987	24.906455702545305
21.662493484551852	14.132812035534489
25.615539375754615	-3.720771759885962
16.771414368109298	-19.741318600670446
-0.4685252476654755	-25.91872844281332
-17.49996241416665	-19.150752348217406
-25.809980306748464	-2.8008778204799403
-21.232134113164612	14.97319207786341
-6.035383944261368	25.289803096215522
12.20042907287345	22.981504094331694
24.36526694219557	9.183341811974087
24.370000047673802	-9.225134019426429
12.19432753758678	-23.049910540087847
-6.094125206306691	-25.374428820563775
-21.363544183690788	-15.019952726672997
-25.977653021136533	2.8568415275327914
-17.614642415494302	19.331952114938346
-0.4354385640840436	26.168882155279547
16.986498650319866	19.9363703718275
25.943863304560445	3.730409740803552
21.947339891321253	-14.363644095243336
6.975571234486448	-25.304968009317957
-11.504377916271757	-23.614599059895106
-24.261173669944295	-10.119063798435187
-24.910580468118	8.453577984582513
-13.11049884700802	22.827939459850537
5.259305910735624	25.81355654181154
21.0269784291778	15.901766510010505
26.308002976667023	-1.972049537836007
18.44780964012948	-18.88592914001177
1.3560754563284183	-26.384864209556657
-16.437931793046623	-20.70735131220666
-26.04171641043285	-4.672152223396866
-22.643564071967884	13.721115337999501
-7.923304549842185	25.282825099471182
10.77800350776482	24.224670077972355
24.119096171621074	11.05754040752706
25.424462360771344	-7.65484902958387
14.024583785148998	-22.567920809266766
-4.400906441210004	-26.222738653613515
-20.65291646023554	-16.776681486114345
-26.605640622021657	1.0676549497993904
-19.269371941021834	18.403567724725562
-2.292016398786954	26.565892810664046
15.854772604259917	21.46220365356757
26.102937211970662	5.624648336377788
23.319391668754662	-13.046301092616853
8.877062438570855	-25.222961016932857
-10.022174508561896	-24.810401409891217
-23.93881680707581	-11.997210087235478
-25.910450362550613	6.829975256895212
-14.935005764535214	22.269836164940685
3.520097849723862	26.600919366224346
20.24153938160999	17.643131339496733
26.869666701224332	-0.14495297553412165
20.07779842166501	-17.885245610250536
3.2418628018925357	-26.71123968620149
-15.2375894145683	-22.19945649859555
-26.126980127783373	-6.5864185565763
-23.973435403589068	12.339951172915647
-9.835308190209613	25.125021647823424
9.237810194827343	25.370511678015955
23.720178635331887	12.936503604449875
26.367389579628327	-5.980030665147761
15.840188220198932	-21.933728300238222
-2.618091631081253	-26.947088826276993
-19.793089017275662	-18.499557485361684
-27.09923263245608	-0.7947268285564248
-20.871573503671193	17.33139981308061
-4.204188379734007	26.820231171034106
14.587007441662958	22.917661614939455
26.11335724900804	7.555962757033627
24.604337652889463	-11.602868984117933
10.796491912313257	-24.98871269968412
-8.425879285494648	-25.90375567878666
-23.463085733359307	-13.873846181539966
-26.79416723971666	5.106133755601638
-16.73855677190738	21.559701231548495
1.6961381317818585	27.26028458101484
19.307867683990516	19.34441122126788
27.293541760908415	1.7500223271571493
21.649199034940903	-16.742526127962705
5.177541063674624	-26.89224922787165
-13.903708028351836	-23.61539546699027
-26.06163911077775	-8.531762236465527
-25.21077236891199	10.835910509177523
-11.759052647086481	24.813800209622237
7.587398689027253	26.408926163964857
23.16750343300296	14.80765966254614
27.189714302435874	-4.209446062359533
17.628541404927677	-21.14792017988413
-0.7555248868617288	-27.539592991642643
-18.786237877172745	-20.1761558881339
-27.451850551966313	-2.7195406363036567
-22.40919639584951	16.11917854272498
-6.160444966775434	26.926732401302075
13.188427798523957	24.29126123121483
25.971455391205502	9.512281790539138
25.7914469742398	-10.039983215871262
12.72142051465272	-24.600110977175955
-6.723432180493495	-26.88485558291702
-22.833458479859576	-15.736364696095752
-27.55300702209965	3.2911706185075387
-18.508578659186483	20.69861145141641
-0.20242510269855407	27.784150591259714
18.228621875565526	20.993269028849557
27.573469721818796	3.7018600054489044
23.150108592632883	-15.46196857289864
7.151402399350663	-26.923176701915427
-12.441957728567843	-24.943890792747847
-25.842495534509183	-10.495971824889432
-26.34510422672982	9.216044882852012
-13.682018889840057	24.34753291604839
5.835088999911777	27.33041778610617
22.461039107427027	16.6583829411691
27.883068461965703	-2.3525503491601354
19.377113825629266	-20.21206223492811
1.1763551528209464	-27.993145385155124
-17.63550126260131	-21.794244543383186
-27.657765303201348	-4.695531751892595
-23.870502336630153	14.771564514191933
-8.14889592228289	26.881136420319013
11.66514214414766	25.571946714257603
25.674509299773348	11.481270496589294
26.870524048199485	-8.365102352938262
14.639266599408524	-24.056015327386245
-4.923522383446188	-27.744529683159243
-22.05039503083386	-17.572139283086088
-28.178969954839317	1.3948664037330047
-20.232603148570487	19.688620313075663
-2.1648767405894964	28.16581809033877
17.007416361527316	22.577594838814274
27.7041596431144	5.699082247944089
24.568970107269948	-14.048690610447501
9.151390446283939	-26.80022486658765
-10.858877633238919	-26.174124179164878
-25.467307229896534	-12.466605891663527
-27.366525314975412	7.4882102123811825
-15.591580139519229	23.725569092288378
3.9899280260648164	28.126152853648907
21.60173735787675	18.47606405924465
28.439832508021297	-0.4194364262854136
21.073516022532228	-19.128693694240532
3.1665713968092652	-28.301463311795548
-16.34496559247336	-23.341852963740084
-27.712132331104467	-6.711014950315216
-25.244132190799977	13.294126144031294
-10.157335363775362	26.68011503550535
10.024111885661087	26.749152900676094
25.220761042764117	13.450398225472426
27.83196760782218	-6.586469393926984
16.537375913034882	-23.356266780266356
-3.035542473795142	-28.474295107865018
-21.11533841416362	-19.368595293808635
-28.664828149680606	-0.5723872371728446
-21.898337188582065	18.532750156821404
-4.179992656023876	28.399430652666023
15.648804742734258	24.085574731024746
27.681221055927622	7.729812472037673
25.894638693326606	-12.50870444698701
11.16516671381285	-26.520540195342285
-9.161842457292362	-27.295798995225528
-24.9348039423578	-14.43106206611897
-28.265752914948465	5.661025715458482
-17.47507247413264	22.948242678336214
2.061641458065595	28.788011992813697
20.591531488589347	20.248180929516444
28.853181213449197	1.5792193843358984
22.70556891895554	-17.901316713207446
5.203668050788902	-28.45912575637556
-14.919646158869234	-24.807340818679826
-27.61102238740033	-8.753938697665061
-26.519171526276388	11.693311830269975
-12.173309380421216	26.32129439690512
8.273115456530771	27.81286681812775
24.609430846745113	15.407008580489274
28.66682728836084	-4.713068344432353
18.403092786912016	-22.50169273357689
-1.0695381623722855	-29.066408242492383
-20.030710491187175	-21.113281062360816
-29.004169559250155	-2.5996438560438877
-23.4937331893321	17.234978991239743
-6.236101151183732	28.480011278653052
14.158257858517466	25.505758847988204
27.501192484179573	9.781840928378713
27.11644635599179	-10.848886441594805
13.180179311155648	-26.08223290528985
-7.3590241645037295	-28.299200754548707
-24.244698535458273	-16.376647792657305
-29.034182447723143	3.743828200161616
-19.31986648564768	22.01687441433837
0.06058143396725543	29.30863916816778
19.433329530061478	21.962370167539763
29.117125727433006	3.6322154909722726
24.261373837540166	-16.534380530129376
7.275773650653199	-28.46160778635776
-13.365462559071075	-26.17946543728633
-27.35144772269733	-10.811952065772164
-27.685214519687637	9.976417042148789
-14.184185764015375	25.803272548494764
6.42070757905814	28.75368696679132
23.840725714148117	17.338390854481187
29.366857330159906	-2.754576292287685
20.22383213661652	-21.49410648782491
0.963846060887412	-29.513911986907324
-18.799902405152288	-22.79393931633471
-29.19143802459622	-4.675462122203303
-25.00705869864005	15.80022199979389
-8.321147484709874	28.403494583197094
12.542136633371134	26.827128222563253
27.161565248514336	11.842692820921194
28.224264899864046	-9.076941713060766
15.183733569577447	-25.484391985842766
-5.459348894338493	-29.17525509142782
-23.397692993253788	-18.29065232826436
-29.66393958347825	1.7466219933781604
-21.113439500973968	20.933768710834464
-2.002329739838055	29.681487085605397
18.13100201604567	23.606498382736643
29.22655153805446	5.727886625400912
25.7293817205374	-15.033260334301266
9.370666991778025	-28.305310458096052
-11.6892089826539	-27.44744784783903
-26.931383447940657	-12.872473949477934
-28.732425756053882	8.151546489645483
-16.177225408823297	25.1256318939867
4.476173914123097	29.562879884925355
22.91584278626791	19.23185246914745
29.924566998842597	-0.721311258598167
21.987151787142725	-20.336301440752358
3.0534250521776034	-29.810679218205248
-17.427259689929123	-24.39857823111362
-29.221969077832096	-6.787969005101954
-26.42696505037091	14.234307788806394
-10.422761102650998	28.166754356813378
10.807659837296026	28.039159916825227
26.6608023367172	13.899698513366925
29.208566511885284	-7.201363920867603
17.163064106837332	-24.727095067245408
-3.472449397065862	-29.915582815396007
-22.395479119932737	-20.160419514202992
-30.147928881765008	-0.31997521785157634
-22.843447898683124	19.702205158310317
-4.115659481503004	29.9008586336967
16.689364427723564	25.168732884248172
29.17725204425634	7.85416852034251
27.09846109103904	-13.404230917790217
11.475845559537559	-27.987585974743197
-9.89851948326193	-28.601036904970492
-26.349783869099777	-14.92276415587035
-29.651599491232155	6.227571566153287
-18.139654929684532	24.28894643725766
2.449481343622136	30.232433596176925
21.83696736243834	21.074791966038546
30.333267357905903	1.3758238963618366
23.680824666307625	-19.03203990967853
5.187534589777593	-29.951452133074635
-15.918062065313723	-25.915541670681325
-29.092021218138882	-8.92492585086044
-27.74255452643093	12.543949471677847
-12.528325165153534	27.76762626794341
8.962866911952817	29.13189002997611
25.99835216105033	15.940065398548697
30.060481604318067	-5.2313904190430165
19.105407892070776	-23.811413004641278
-1.4086132232531678	-30.51255165972319
-21.240733867341017	-21.9734208710613
-30.479878612077318	-2.444790337233777
-24.49779906391279	18.32642466560659
-6.267528104217096	29.961944053463032
15.114154359647715	26.637611341723982
28.9659574745078	9.998665290177778
28.357964307027547	-11.65443522275325
13.578596051212466	-27.50675788380007
-8.001828402380877	-29.63057107480129
-25.606593631381617	-16.949995946822124
-30.434215977949943	4.214083270118931
-20.05874006319329	23.294783688140235
0.35122413975107464	30.755107569372214
20.607265529968167	22.854772092002708
30.587114057758953	3.5254011995296026
25.29291040783047	-17.5860365944536
7.354096048057021	-29.93187717661477
-14.27849798985254	-27.333578162285615
-28.798802415240697	-11.073796975198995
-28.9434455987613	10.736710710061296
-14.62504796721635	27.204925509117295
7.016576033529109	30.09597416209857
25.174657058392928	17.950951005233875
30.771853528712285	-3.1769530068096836
20.99807787149274	-22.73940908868845
0.7212730523160448	-30.95932436575454
-19.937109263935916	-23.717328563686948
-30.65438143570242	-4.616156279250397
-26.06472252883662	16.811610258828775
-8.445674903968955	29.860853561418317
13.412003483958449	28.00210996597018
28.59035892223647	12.148719138151705
29.497791686991192	-9.79184791501958
15.666066587053859	-26.862136134157215
-6.0083261277911415	-30.52703747732659
-24.702753550848985	-18.941329599740822
-31.072494476507398	2.1213408513053795
-21.921859405532246	22.1457011675873
-1.8074336876305253	31.124478846477388
19.230871391172744	24.55959253603719
30.681145838368586	5.71553060045679
26.811825923483962	-16.003936723468797
9.54068381409533	-29.748535297716074
-12.515634066125708	-28.641908175309023
-28.340491627869838	-13.221820384903118
-30.01983583582109	8.820966862558313
-16.700035831178386	26.478459230804162
4.978337625954887	30.922744937699207
24.191156431772626	19.919536904594594
31.33528979568507	-1.0486245373988605
22.828536708397245	-21.51413283758747
2.9057832824208796	-31.249902776098413
-18.48921694663165	-25.38008779930418
-30.666930660592037	-6.82197653605171
-27.53283986965815	15.16386259208922
-10.637526808881434	29.594645181017608
11.590404429969386	29.251709781647744
28.049127303304562	14.291481991837461
30.50845309802719	-7.825234154034955
17.725340191312466	-26.054026850033043
-3.9279104069542417	-31.28212780222823
-23.640201041842456	-20.883986561508582
-31.559442600723354	-0.039783560019036567
-23.716578054257994	20.84523747517135
-4.014819565450049	31.334984025157556
17.71286890706802	26.17736188161486
30.61131847226222	7.933925975816625
28.226414514835874	-14.292288957219649
11.734595066403722	-29.398967305460463
-10.637379435823618	-29.830289283517132
-27.716255162272923	-15.356080221846316
-30.96256207416692	6.805861429926418
-18.740367068958022	25.589033630067267
2.858383538222604	31.604266223856836
23.05028445242213	21.83310300123248
31.74420946567169	1.142438357006499
24.58447021589589	-20.139608342858303
5.133014561697893	-31.37916763570056
-16.902607331675643	-26.949988226178963
-30.513951813415645	-9.049792524060873
-28.891232925675574	13.390170276525977
-12.830269193876669	29.16134757538923
9.657672732357	30.37646058043445
27.341927078612446	16.41398865686947
31.381126617894328	-5.764103763091363
19.743509117047747	-25.083736718141743
-1.7711334665815945	-31.888290738820647
-22.421865092462504	-22.765323757315894
-31.88890167378354	-2.2578640436849677
-25.430720713585263	19.397897927033885
-6.25881671788802	31.38195681107036
16.059268421255034	27.69656833931021
30.374533908080615	10.167973734567804
29.526013101279478	-12.458513167431848
13.922921535462784	-28.88169413170472
-8.652445315129007	-30.88907881547623
-26.926257722607673	-17.463580533662356
-31.763157482460503	4.701257995942526
-20.73316657491826	24.538455611074877
0.6675721604770748	32.13338369065038
21.755462295683074	23.67910176297049
31.992886396137006	3.3845561073605466
26.25386003711576	-18.620817198811014
7.390653058727771	-31.34291383017089
-15.183743504405301	-28.415733902055564
-30.192829299424034	-11.286853365568357
-30.129509940620714	11.498375134689145
-15.010918489997248	28.559977697586856
7.62290400704822	31.367042170076033
26.46942460713348	18.503231095332428
32.10771390993931	-3.618661006158179
21.707749607534623	-23.95357190434405
0.4508548105181872	-32.3387805883251
-21.051655757139233	-24.572907639978357
-32.05558779698697	-4.520983409575846
-27.05244384847347	17.80913478597963
-8.526931387406323	31.26166088221265
14.276977937932728	29.10614885139877
29.968664400400705	12.404803668585627
30.700517168941314	-10.51086321666968
16.092622851647572	-28.196231836091684
-6.570299876383642	-31.80929360319705
-25.971668050157458	-19.531319942400987
-32.41390515735897	2.5176879174627635
-22.665680633666266	23.32952895822472
-1.5826702483773032	32.50377139479204
20.311084904598612	25.445231969824647
32.076488063425025	5.665590306133288
27.825055156114985	-16.963676062668696
9.666042519165634	-31.137880820917825
-13.339969929196416	-29.766511422874785
-29.70192796030259	-13.520187699917317
-31.2378692159916	9.497132559072995
-17.166396162406976	27.79055312143497
5.495926583629376	32.21482253540062
25.433291047417022	20.546233389538273
32.68089195916576	-1.399750246770588
23.605396648344446	-22.666831474079668
2.7263673402775863	-32.627701744466584
-19.53444819220968	-26.294587538614785
-32.05512835938415	-6.816798798806253
-28.570306453400836	16.085322165215175
-10.806362536747173	30.971317839646208
12.373769289762514	30.395556148288026
29.39257145007235	14.63136164382495
31.74044304103325	-8.458384926150142
18.230601065931438	-27.343101228186597
-4.401118673967428	-32.58266647187819
-24.85465906391754	-21.54636681244477
-32.90788792224238	0.2662940050660947
-24.52535152527609	21.966044991341477
-3.880411728460077	32.70997408769425
18.72250230370684	27.11951156432748
31.991109700070936	7.973010733595372
29.286841827635957	-15.175008921349367
11.946255081082013	-30.761778062032146
-11.379476106754693	-30.99205581331769
-29.040609359328702	-15.73667716002556
-32.20715990764542	7.395867135323426
-19.283603674343226	26.854098929788293
3.2872498000555916	32.91191256600008
24.236199733815518	22.530126996148972
33.094160853103375	0.8812022633426391
25.424018309094773	-21.22779529340751
5.043243618559016	-32.750048760328035
-17.876061277240918	-27.918567893291517
-31.884093747229002	-9.132610027692664
-29.9733390313151	14.233725700386476
-13.084073665832294	30.50913004834903
10.358239340595368	31.554823367639727
28.646119406756213	16.834483744203894
32.63698710211439	-6.310869424763847
20.32377593700925	-26.323832009459487
-2.1557308854177823	-33.20169911841344
-23.578402473116522	-23.495934474196442
-33.23903401363358	-2.0412294923673038
-26.299891487559268	20.452767728173317
-6.213279934956104	32.74744497590418
16.995995543749164	28.690349169657352
31.733803521659638	10.29396493333362
30.628511509028908	-13.262514193820255
14.218164004658549	-30.213305220326887
-9.311255359291467	-32.08271378225455
-28.209242667969754	-17.923131090844436
-33.02893959141604	5.204723764676658
-21.349498001190156	25.75264908892243
1.0080082396128867	33.45121700908463
22.881818011855074	24.442225849385007
33.341887304194216	3.2122501450560024
27.151489235263657	-19.641706451002715
7.388916505082229	-32.70174174078383
-16.08323089267743	-29.433478966184513
-31.540024035644876	-11.455430320635855
-31.251110385634995	12.262467111672786
-15.346866365108225	29.87429819713778
8.239766394015598	32.57462585774472
27.730183611871837	19.00097147126627
33.38208162245376	-4.078802097655024
22.35916057549282	-25.140961365057773
0.15443838956546524	-33.659711062096605
-22.147057834561753	-25.3674561056598
-33.40215837205448	-4.392700318504673
-27.977355636998922	18.795413577808944
-8.568530287871232	32.61257868838086
15.138747351075764	30.14661388349107
31.30260283950817	12.615349994035642
31.839926405575614	-11.234726809652688
16.468517931575715	-29.492167047156247
-7.145058932203196	-33.02950397531491
-27.20921005229005	-20.066362110017796
-33.69552825733866	2.934514518432689
-23.351167285381706	24.489242258798438
-1.3300978159444137	33.82648133932969
21.3747935346498	26.270100901045144
33.41934364268214	5.580991891440156
28.776062881426903	-17.914748255115526
9.750481634813537	-32.479656831456275
-14.163577984064686	-30.828445609360813
-31.021450482758215	-13.772059030725211
-32.39379182528196	10.180483838221841
-17.581455184677942	29.067033450098776
6.028462039083639	33.44633979142303
26.646653008613978	21.11766756624707
33.96844684188244	-1.7733074043175017
24.323937011164826	-23.798026982859017
2.5174294553257237	-33.95088436164011
-20.565756090480033	-27.148658832931023
-33.39299927397619	-6.775514702827063
-29.546213417426713	17.000625655894943
-10.933116572056843	32.302739234031165
13.15880762637039	31.47770293163363
30.696540892814433	14.923886129817907
32.91158225036993	-9.10097542998193
18.68401627996589	-28.599082776375358
-4.891345624984789	-33.82417386983667
-26.04290648436901	-22.153262103952333
-34.200058407522256	0.5966614802940137
-25.275906219210793	23.06791201642795
-3.714865422265547	34.03233425574061
19.720735049961505	28.001653684902607
33.32274202988729	7.974638776119164
30.2864420801178	-16.054015887860263
12.114769117625718	-32.08165159755062
-12.125571530816195	-32.09315370995907
-30.327911664214387	-16.069155985539773
-33.39221842153775	7.9974839098503585
-19.774543439180487	28.08856407458316
3.735118642497206	34.162097253044486
25.39842715305952	23.171532063088296
34.38963900243783	0.5939101632459921
26.20553127133797	-22.299554497498992
4.920812664915696	-34.070303824838504
-18.84057763618652	-28.827636641508235
-33.20825007218619	-9.176716577466367
-30.995418177899307	15.075942822163702
-13.293763621999599	31.816282761542084
11.065053942759093	32.673606798819
29.915664260028645	17.206191672803268
33.834667942759985	-6.871335037907085
20.85138534271054	-27.535789970324007
-2.561227224115772	-34.459252967910494
-24.713733955870683	-24.170878220669692
-34.536520950618154	-1.7968641093620104
-27.111290717540644	21.49367152510232
-6.133655146923057	34.06432554063891
17.926187765765434	29.62518847512234
33.04926367174864	10.38008529614454
31.671847533774585	-14.067482852214077
14.46841712057444	-31.506585121607007
-9.97848661096176	-33.217913916362306
-29.459964129748734	-18.33331703412991
-34.23794694768463	5.723896296014899
-21.91289951283807	26.94113648197234
1.3711527718970122	34.71483746290797
23.989407618128645	25.149718132242977
34.64009403685838	3.010628691421207
27.99168755824164	-20.651039384054744
7.351756057675318	-34.013992457052645
-16.978524994130957	-30.392921692783514
-32.84558583392932	-11.583069162617548
-32.31447448708033	13.029763567457172
-15.637041712626583	31.152574957418466
8.867147219080978	33.7249714632221
28.961040735099836	19.448859080673294
34.601121706251554	-4.556575102987675
22.957454699357967	-26.30504274330165
-0.1664099837595692	-34.92810197702281
-23.226090073040528	-26.10648846396252
-34.699806615961634	-4.233606124200166
-28.845251485524074	19.772492678892835
-8.573460066809345	33.91895904185188
15.998603373380664	31.12948265071639
32.59708284041592	12.783981785619932
32.92208384510683	-11.96396235767045
16.797946948602718	-30.75433267544475
-7.732357754537146	-34.19372228283796
-28.419187486793412	-20.551150395792558
-34.92331016615841	3.3708169689700767
-23.983433256486137	25.628010637419262
-1.0514551723083838	35.098353836335775
22.42448379853014	27.039647304827398
34.71516664360487	5.464174677546808
29.670541093707794	-18.858923384079944
9.797095611061575	-33.77894192522492
-14.987490230912071	-31.833553627867488
-32.303684703151646	-13.981128516660108
-33.49350278685516	10.871304938549265
-17.949442233522767	30.31200296096299
6.575482805324608	34.62315736435486
27.834761597730193	21.638531530525
35.203683426266245	-2.1681036006674703
24.98923350117771	-24.91060434882337
2.280867524214111	-35.224957676865785
-21.58535107517948	-27.94767645013174
-34.68574262896472	-6.700690880589844
-30.46614605139883	17.911279819567202
-11.020977201547435	33.59372056684064
13.946304878857159	32.50385485178589
31.965385535052366	15.172808823532472
34.027602710302695	-9.753063815530007
19.08983922881271	-29.825794846375565
-5.39792780267342	-35.01231748166815
-27.208183842033474	-22.70935340378736
-35.441467142460766	0.9499509407720353
-25.97327206425832	24.1534498214234
-3.5202248174714224	35.30733659219368
20.709513152607823	28.829083665319015
34.61116450567439	7.941491771773431
31.230689242544326	-16.9305655379738
12.24340776620837	-33.36313783609612
-12.876217239731039	-33.1391464826005
-31.582243830143543	-16.35731868777276
-34.52330102752058	8.61055666976277
-20.217454266468618	29.29598168662811
4.2011371930424675	35.360294770904204
26.53993822883921	23.761979690450858
35.635942861522544	0.2820928398604827
26.933986218760513	-23.3572341335103
4.767899880870068	-35.344973203073714
-19.797849331289495	-29.682404920349022
-34.491124419825915	-9.184897182662892
-31.96282886755635	15.917838131583894
-13.462681015298044	33.08710050579128
11.778446397559446	33.73823054725631
31.154382654888327	17.53295301404739
34.979562901031045	-7.445144676419165
21.33061076385362	-28.72290104500192
-2.986592550389014	-35.6662342410572
-25.83057158368012	-24.794789203789925
-35.78644928193037	-1.52644940689984
-27.869836191019235	22.52270478174756
-6.02224282393781	35.33741064890762
18.851295968859084	30.50620658643872
34.32537743642737	10.42921204342892
32.661260497566545	-14.8742079691693
14.677083818081227	-32.765579662154884
-10.654259085295948	-34.2999528183843
-30.681989755101508	-18.698008040105393
-35.39540291718363	6.258230766776549
-22.42764162839353	28.10695449507736
1.7558106406047649	35.92933521503479
25.080693048534183	25.80617825647976
35.8923834394419	2.781512364897343
28.77930744021172	-21.65066888716777
7.281583282828882	-35.284253497774706
-17.870845396232546	-31.29908760369787
-34.11374215894005	-11.672728726110114
-33.32471908842634	13.800836846998536
-15.884898605111877	32.39861102432194
9.504968093181848	34.82320464212901
30.16531756979085	19.850783760689836
35.76988669891334	-5.051257818296569
23.50689166438406	-27.448607328586114
-0.5103414221509404	-36.14885270147363
-24.29097348822578	-26.7945630118185
-35.95320181593368	-4.045649414215568
-29.660912916385595	20.741992309481514
-8.544232695269462	35.185168574970454
16.857544758051162	32.05968160681422
33.85610126428906	12.913729406418755
33.95198094352921	-12.698936570053002
17.084405783896948	-31.9862951748268
-8.331930608235782	-35.30692470804479
-29.60468315501636	-20.989586353501355
-36.10213245232628	3.8257067836792134
-24.566719970478736	26.748388173721445
-0.7482340055062883	36.32409869319546
23.46214480915673	27.75838181440265
35.96842136886467	5.317204550494502
30.513195287036584	-19.79759867699031
9.808486613857587	-35.03988570680242
-15.812494768319864	-32.786659012498625
-33.55240194895113	-14.150488452912882
-34.54186562799134	11.56976745392017
-18.27388615635249	31.528797705346598
7.136546496374773	35.75010075657244
29.00046802343274	22.112730596239246
36.391312444107776	-2.583094770875938
25.60550231767775	-26.006888530914253
2.0183054933852036	-36.45444339083195
-22.59499919860716	-28.69609749103424
-35.937620481449436	-6.594500294283544
-31.33472912412037	18.81846834144594
-11.072627038255341	34.848198382006736
14.736848397410705	33.47872905759318
33.202656290918114	15.38127482451165
35.093237825212896	-10.414636764815507
19.451623352774323	-31.02634926867492
-5.920256510151129	-36.15177122706456
-28.353117888707363	-23.21854228820282
-36.636654410520954	1.3249730578602406
-26.621633519110585	25.22476221442271
-3.298235990585756	36.539316350342474
21.690388271616463	29.606199631606263
35.86043983023906	7.875839966746682
32.12412305954196	-17.805637243732804
12.334924782679549	-34.609964325402565
-13.6318094745576	-34.13464179465432
-32.80694152012832	-16.60435449196627
-35.60500914058589	9.234897081115463
-20.615906263890068	30.47924554378763
4.6845404404783295	36.5110268393197
27.66314232394858	24.305360659018504
36.83744289359236	-0.052925053818719266
27.613529780594664	-24.402724705577683
4.586363735861702	-36.57820755152407
-20.749222132632703	-30.487206839765843
-35.73658316875931	-9.159509999030991
-32.88002189990282	16.760195698795126
-13.593641866201764	34.32510598400894
12.498631215364858	34.75319003692045
32.36540019916259	17.817992870916918
36.07613984551814	-8.031944586874213
21.7650314787415	-29.887847107635434
-3.4309152023198215	-36.82701210897363
-26.93111432685032	-25.3715407713863
-36.993020502760466	-1.2314357808444447
-28.579631022481053	23.541552425845634
-5.881004480648247	36.5706683873647
19.77246836122874	31.337668944964754
35.5658180286372	10.443782262852139
33.60110869334926	-15.683287110096808
14.847033913682848	-33.993610928613506
-11.338614685444321	-35.33321124685707
-31.878240318707846	-19.020457254827217
-36.50564055741018	6.807217309089608
-22.897305710741765	29.252579222845164
2.1609328736643856	37.09892679196417
26.15766980289289	26.41545590147604
37.10278910102291	2.5264680732231324
29.5184031836606	-22.64208191591171
7.180453760832121	-36.51631257107639
-18.761150906818404	-32.156169184957136
-35.34797633324122	-11.72691643803343
-34.28610675519724	14.57610659851314
-16.093352582340472	33.61553216387441
10.153107184348213	35.87358937300722
31.345735299032064	20.210019261817024
36.892573858287285	-5.562193282403797
24.011048225669583	-28.573931530410192
-0.876178670236657	-37.32602725897604
-25.343506954027113	-27.43549990926317
-37.166210912925045	-3.8305047155657324
-30.428340492655714	21.705208933871347
-8.482989197293929	36.41481696066307
17.716348907265395	32.94132634542871
35.082954923818605	13.00716240435677
34.933781643961446	-13.439899555131444
17.330848001398554	-33.1909883485325
-8.9435005602608	-36.373256628031186
-30.768223900618036	-21.384957283133318
-37.23605584634161	4.298388652521929
-25.104593259826643	27.852457652039732
-0.4217311321322841	37.50762779558566
24.489385578961397	28.430089587705446
37.18280955245362	5.141855091886965
31.307967710969073	-20.731887463733678
9.78687283492255	-36.26592229784119
-16.639195422000764	-33.69179686078599
-34.770716000918554	-14.282762645352147
-35.54294308169968	12.275960129092011
-18.557771212887637	32.72016393006182
7.711229467265998	36.83119520329429
30.14611004975675	22.54355892196161
37.53525761726736	-3.017355730664298
26.176292417875203	-27.088774709349423
1.7311513148564959	-37.64310182656406
-23.596126293502927	-29.397666981259924
-37.152170970626194	-6.458807333351908
-32.155842335184644	19.72312864924698
-11.09035350003935	36.06943386364921
15.530876096251342	34.40627686459098
34.41128747400258	15.551954680410857
36.11244682418222	-11.085629633476467
19.772376628970864	-32.20330918464944
-6.457769547626755	-37.24643892333527
-29.479862568811033	-23.68412343583807
-37.78940667643739	1.7206809822943328
-27.22451706222629	26.283562748009444
-3.050409890438258	37.731883063270466
22.66460965766101	30.3367016840305
37.07394431964521	7.779630620013199
32.9705567670996	-18.679999637780043
12.391669193293152	-35.82522204542478
-14.39262774005528	-35.08350419693266
-34.00476322375828	-16.812973505484877
-36.641196471223275	9.870294887044412
-20.972924486771113	31.640740169474494
5.184635557964652	37.618074832865766
28.770014815641282	24.8049641706611
37.99778827735619	-0.40998296210027096
28.247660682631718	-25.437564072821562
4.377810320337416	-37.773466571115065
-21.69577521687035	-31.245693107035315
-36.94784273218851	-9.10257751614697
-33.75074044238093	17.603622342888187
-13.689049505185174	35.53322281533987
13.225736831827936	35.72226036038635
33.551303271756446	18.064054051253976
37.12814521902661	-8.631386481607201
22.157683308843424	-31.032838580848537
-3.893379428968828	-37.945244716855925
-28.017164239252114	-25.90441097556114
-38.159746684584704	-0.9130897920397434
-29.24414123620762	24.551582502086116
-5.711633764003533	37.767409756904094
20.690620466865457	32.12317270594747
36.773644017272545	10.425886326395233
34.495061910365465	-16.495172136114668
14.980718041707023	-35.193438123531976
-12.031537957881854	-36.321372418564366
-33.05113386443413	-19.303433639517497
-37.57229754706051	7.370376994099457
-23.324932351070313	30.380051527573052
2.5855882784984288	38.22714654867784
27.221971839118396	26.98081261174772
38.274686360401134	2.2468609242503703
30.21240346933605	-23.626482527156917
7.0501413769889	-37.71333327305435
-19.650199727725084	-32.96770617832719
-36.551191267784255	-11.74778348906091
-35.20223087213456	15.355876452516032
-16.26489487570327	34.80593619890609
10.811412171603608	36.87971484238593
32.504547462222874	20.529354453467374
37.97271084292727	-6.088779125525396
24.472964052368674	-29.682891208429655
-1.2628823599479335	-38.46303586750443
-26.385161539500828	-28.032539138195204
-38.34207307235295	-3.589628464666802
-31.150921205856648	22.663188390570976
-8.39157663759011	37.61092183841619
18.575622935623116	33.777895620561566
36.28039337961911	13.066485993567284
35.871000168227496	-14.187013319618156
17.539799011058136	-34.37085175918229
-9.566785283011308	-37.39621129671772
-31.911902637011185	-21.740066009235537
-38.32849695928396	4.7881437783508805
-25.600086474096297	28.941934498557483
-0.07308704188984057	38.6522270805229
25.507519470521817	29.05798428076095
38.36143491988525	4.9396670826492555
32.05819960706005	-21.6626830737537
9.734167712107107	-37.45992497259667
-17.46805436280756	-34.55238163684235
